0.000000000000000000e+00 6.963266056295407645e-03
5.000000000000000104e-04 2.720146704401640858e-02
1.000000000000000021e-03 4.748486978572989681e-02
1.500000000000000031e-03 5.289011828143534710e-02
2.000000000000000042e-03 5.511543653113271102e-02
2.500000000000000052e-03 7.706035253482221292e-02
3.000000000000000062e-03 1.135981062925040252e-01
3.500000000000000073e-03 1.514766898041779997e-01
4.000000000000000083e-03 1.959852710698438139e-01
4.500000000000000527e-03 2.413377620895017228e-01
5.000000000000000104e-03 2.715515188631520416e-01
5.499999999999999681e-03 2.896371493907947126e-01
6.000000000000000125e-03 3.201570456724295299e-01
6.500000000000000569e-03 3.733562437080562568e-01
7.000000000000000146e-03 4.436619674976752248e-01
7.499999999999999722e-03 5.196002130412866737e-01
8.000000000000000167e-03 5.813269043388903379e-01
8.500000000000000611e-03 6.367600373904860334e-01
9.000000000000001055e-03 6.987746881960739120e-01
9.499999999999999764e-03 7.596649607556538175e-01
1.000000000000000021e-02 8.242449190692260341e-01
1.050000000000000065e-02 9.019814951367902678e-01
1.099999999999999936e-02 9.861808129583463645e-01
1.149999999999999981e-02 1.060221504533894965e+00
1.200000000000000025e-02 1.121517161863435641e+00
1.250000000000000069e-02 1.179091124946968439e+00
1.300000000000000114e-02 1.236143073784493396e+00
1.349999999999999985e-02 1.291109528376010340e+00
1.400000000000000029e-02 1.337091784721519794e+00
1.450000000000000074e-02 1.359000442821021171e+00
1.499999999999999944e-02 1.351126982674514920e+00
1.549999999999999989e-02 1.340328112282000772e+00
1.600000000000000033e-02 1.342710099643478650e+00
1.650000000000000078e-02 1.345594212758948638e+00
1.700000000000000122e-02 1.345848643628411390e+00
1.750000000000000167e-02 1.335196644251866127e+00
1.800000000000000211e-02 1.298078558629312651e+00
1.849999999999999908e-02 1.247296742760751975e+00
1.899999999999999953e-02 1.201200876646182802e+00
1.949999999999999997e-02 1.171205576285605954e+00
2.000000000000000042e-02 1.145990761679021031e+00
2.050000000000000086e-02 1.095089176826428368e+00
2.100000000000000130e-02 1.023158537727828055e+00
2.150000000000000175e-02 9.436859803832199356e-01
2.199999999999999872e-02 8.569187527926042103e-01
2.249999999999999917e-02 7.655074989559802479e-01
2.299999999999999961e-02 6.710338788733484217e-01
2.350000000000000006e-02 5.767109045447086357e-01
2.400000000000000050e-02 4.902493199700610482e-01
2.450000000000000094e-02 4.278281131494056089e-01
2.500000000000000139e-02 3.960745000827423645e-01
2.550000000000000183e-02 3.756425367700715334e-01
2.600000000000000228e-02 3.557223952113929832e-01
2.649999999999999925e-02 3.416759634067065288e-01
2.699999999999999969e-02 3.379670373560120233e-01
2.750000000000000014e-02 3.432199970593097227e-01
2.800000000000000058e-02 3.549744825165994100e-01
2.850000000000000103e-02 3.813060497278815686e-01
2.900000000000000147e-02 4.215480986931559593e-01
2.950000000000000192e-02 4.488814934124224498e-01
2.999999999999999889e-02 4.461552218856809082e-01
3.049999999999999933e-02 4.275278681129313640e-01
3.099999999999999978e-02 4.030966040941739714e-01
3.150000000000000022e-02 3.721875578294090436e-01
3.200000000000000067e-02 3.453802773186362973e-01
3.250000000000000111e-02 3.325561985618555316e-01
3.300000000000000155e-02 3.238023735590667695e-01
3.350000000000000200e-02 3.238056063102702775e-01
3.400000000000000244e-02 3.477983128154662484e-01
3.450000000000000289e-02 3.807189690746542454e-01
3.500000000000000333e-02 4.066176550878342622e-01
3.550000000000000377e-02 4.203712468550064862e-01
3.600000000000000422e-02 4.228063283761709368e-01
3.649999999999999772e-02 4.296995036513274191e-01
3.699999999999999817e-02 4.419318966804761106e-01
3.749999999999999861e-02 4.508061954636171098e-01
3.799999999999999906e-02 4.584906680007503343e-01
3.849999999999999950e-02 4.536664462918756358e-01
3.899999999999999994e-02 4.341676863369930972e-01
3.950000000000000039e-02 4.187416041361024521e-01
4.000000000000000083e-02 4.006603876892040894e-01
4.050000000000000128e-02 3.634323529962979471e-01
4.100000000000000172e-02 3.031791000573837991e-01
4.150000000000000216e-02 2.300038608724620237e-01
4.200000000000000261e-02 1.697113274415322504e-01
4.250000000000000305e-02 1.228032677645944509e-01
4.300000000000000350e-02 7.595252984164904686e-02
4.350000000000000394e-02 3.790975367269595192e-02
4.399999999999999745e-02 1.047597125773535448e-02
4.449999999999999789e-02 -8.546173403233497598e-03
4.499999999999999833e-02 -1.830706831021025258e-02
4.549999999999999878e-02 -2.245968146319462025e-02
4.599999999999999922e-02 -1.977989286218668347e-02
4.649999999999999967e-02 -1.973463450718664428e-02
4.700000000000000011e-02 -2.620012489819466273e-02
4.750000000000000056e-02 -3.043651078521059442e-02
4.800000000000000100e-02 -2.037627166823405972e-02
4.850000000000000144e-02 1.140481970273439852e-02
4.900000000000000189e-02 5.298310732769510867e-02
4.950000000000000233e-02 8.831971020664799998e-02
5.000000000000000278e-02 1.163565523395928281e-01
5.050000000000000322e-02 1.526817719765301840e-01
5.100000000000000366e-02 2.077374761174595186e-01
5.150000000000000411e-02 2.838137387623805852e-01
5.200000000000000455e-02 3.746963936612939250e-01
5.249999999999999806e-02 4.522186818141984976e-01
5.299999999999999850e-02 5.006972022210965934e-01
5.349999999999999895e-02 5.335004361319868327e-01
5.399999999999999939e-02 5.628555240468693377e-01
5.449999999999999983e-02 5.917316237157439485e-01
5.500000000000000028e-02 6.298087368886107207e-01
5.550000000000000072e-02 6.835214925654699014e-01
5.600000000000000117e-02 7.338760327463211830e-01
5.650000000000000161e-02 7.700466521811641929e-01
5.700000000000000205e-02 7.994031593699995053e-01
5.750000000000000250e-02 8.256210655628267725e-01
5.800000000000000294e-02 8.582869270096462611e-01
5.850000000000000339e-02 8.948334854604580446e-01
5.900000000000000383e-02 9.132200361652619280e-01
5.950000000000000427e-02 9.153776586240577329e-01
5.999999999999999778e-02 9.036604203368457933e-01
6.049999999999999822e-02 8.726990400536263071e-01
6.099999999999999867e-02 8.372044102743989580e-01
6.149999999999999911e-02 8.005281959991634722e-01
6.199999999999999956e-02 7.573528684779202713e-01
6.250000000000000000e-02 7.105657749606691942e-01
6.300000000000000044e-02 6.639173281974102281e-01
6.350000000000000089e-02 6.299985116881433589e-01
6.400000000000000133e-02 6.175932954328685609e-01
6.450000000000000178e-02 6.190468084315863262e-01
6.500000000000000222e-02 6.199654599342964145e-01
6.550000000000000266e-02 6.116812684409984602e-01
6.600000000000000311e-02 6.009196219516927950e-01
6.650000000000000355e-02 5.948360472163790602e-01
6.700000000000000400e-02 5.879804227350573509e-01
6.750000000000000444e-02 5.646854667577279052e-01
6.800000000000000488e-02 5.205199860343904250e-01
6.850000000000000533e-02 4.813612715650455454e-01
6.900000000000000577e-02 4.619948748496926494e-01
6.950000000000000622e-02 4.532675293883317580e-01
7.000000000000000666e-02 4.493143671809630701e-01
7.050000000000000711e-02 4.554797024775863457e-01
7.100000000000000755e-02 4.730584360282019118e-01
7.150000000000000799e-02 4.907386080828097796e-01
7.200000000000000844e-02 5.020617131414097933e-01
7.249999999999999500e-02 5.094516299540018389e-01
7.299999999999999545e-02 5.144513557705864271e-01
7.349999999999999589e-02 5.177833638411630801e-01
7.399999999999999634e-02 5.214176386657318751e-01
7.449999999999999678e-02 5.241214552442929886e-01
7.499999999999999722e-02 5.312455513268461438e-01
7.549999999999999767e-02 5.428158634133913862e-01
7.599999999999999811e-02 5.420326172539287057e-01
7.649999999999999856e-02 5.189204468484581723e-01
7.699999999999999900e-02 4.810567761969798961e-01
7.749999999999999944e-02 4.358550457994937455e-01
7.799999999999999989e-02 3.872774046559996908e-01
7.850000000000000033e-02 3.430932575164977183e-01
7.900000000000000078e-02 3.108687568809879731e-01
7.950000000000000122e-02 2.825274984994703420e-01
8.000000000000000167e-02 2.351229288719449417e-01
8.050000000000000211e-02 1.746549324984115747e-01
8.100000000000000255e-02 1.296536258788704155e-01
8.150000000000000300e-02 1.031617350133214178e-01
8.200000000000000344e-02 8.592976065176467781e-02
8.250000000000000389e-02 7.977861179420007998e-02
8.300000000000000433e-02 8.496717144062762572e-02
8.350000000000000477e-02 9.187022034104742885e-02
8.400000000000000522e-02 9.393253549545932390e-02
8.450000000000000566e-02 8.604929415386336489e-02
8.500000000000000611e-02 6.321445131625960667e-02
8.550000000000000655e-02 3.366269848264798192e-02
8.600000000000000699e-02 1.359156740302845494e-02
8.650000000000000744e-02 8.747150077401139728e-03
8.700000000000000788e-02 1.115812250576599107e-02
8.750000000000000833e-02 -7.430553118770033419e-04
8.799999999999999489e-02 -2.530248812552728099e-02
8.849999999999999534e-02 -3.785621843518576640e-02
8.899999999999999578e-02 -3.384724749085200879e-02
8.949999999999999623e-02 -1.733710829252610788e-02
8.999999999999999667e-02 6.394605909792005008e-03
9.049999999999999711e-02 3.399574536610230208e-02
9.099999999999999756e-02 7.090455407640468277e-02
9.149999999999999800e-02 1.117335710406991145e-01
9.199999999999999845e-02 1.351695337589855217e-01
9.249999999999999889e-02 1.327358354812642471e-01
9.299999999999999933e-02 1.284956454575352514e-01
9.349999999999999978e-02 1.322359846877983747e-01
9.400000000000000022e-02 1.222262991720536596e-01
9.450000000000000067e-02 1.010802671603009545e-01
9.500000000000000111e-02 9.751889490254023185e-02
9.550000000000000155e-02 1.155549931487717119e-01
9.600000000000000200e-02 1.370136523989955446e-01
9.650000000000000244e-02 1.573810209032114882e-01
9.700000000000000289e-02 1.748514611614193637e-01
9.750000000000000333e-02 1.872084676736195663e-01
9.800000000000000377e-02 2.044377084398120159e-01
9.850000000000000422e-02 2.301199162099964723e-01
9.900000000000000466e-02 2.461641727341730146e-01
9.950000000000000511e-02 2.492459620123418096e-01
1.000000000000000056e-01 2.624889110445030038e-01
1.005000000000000060e-01 2.853430143306561195e-01
1.010000000000000064e-01 2.995544611208012520e-01
1.015000000000000069e-01 3.070436651649386395e-01
1.020000000000000073e-01 3.202261122130681814e-01
1.025000000000000078e-01 3.435119067651901115e-01
1.030000000000000082e-01 3.740953898213040807e-01
1.035000000000000087e-01 4.080546506314101651e-01
1.040000000000000091e-01 4.492128219455084337e-01
1.044999999999999957e-01 5.066258465135972111e-01
1.049999999999999961e-01 5.708217020856800605e-01
1.054999999999999966e-01 6.326783919117551225e-01
1.059999999999999970e-01 6.997635227418224080e-01
1.064999999999999974e-01 7.739760560758817132e-01
1.069999999999999979e-01 8.518674881639330954e-01
1.074999999999999983e-01 9.375672245059767373e-01
1.079999999999999988e-01 1.036679795602012621e+00
1.084999999999999992e-01 1.150882851452040612e+00
1.089999999999999997e-01 1.267412820056060818e+00
1.095000000000000001e-01 1.380570635414072767e+00
1.100000000000000006e-01 1.499617916526077455e+00
1.105000000000000010e-01 1.617662625392073839e+00
1.110000000000000014e-01 1.737524359012062369e+00
1.115000000000000019e-01 1.861758497886043306e+00
1.120000000000000023e-01 1.977046858764016868e+00
1.125000000000000028e-01 2.075747660645981707e+00
1.130000000000000032e-01 2.164699128781938597e+00
1.135000000000000037e-01 2.250747972171888378e+00
1.140000000000000041e-01 2.324630632565829913e+00
1.145000000000000046e-01 2.397068704463763744e+00
1.150000000000000050e-01 2.485427481115689119e+00
1.155000000000000054e-01 2.580682168271607679e+00
1.160000000000000059e-01 2.675019365681517769e+00
1.165000000000000063e-01 2.769108460845420172e+00
1.170000000000000068e-01 2.855618793013314782e+00
1.175000000000000072e-01 2.929221804185201616e+00
1.180000000000000077e-01 2.995421913361080435e+00
1.185000000000000081e-01 3.055103517040951289e+00
1.190000000000000085e-01 3.102861943724814164e+00
1.195000000000000090e-01 3.141683076412669529e+00
1.199999999999999956e-01 3.180224110104515667e+00
1.204999999999999960e-01 3.215990506550355565e+00
1.209999999999999964e-01 3.245954083500187437e+00
1.214999999999999969e-01 3.278616657204011631e+00
1.219999999999999973e-01 3.314064643411827937e+00
1.224999999999999978e-01 3.345821720373636232e+00
1.229999999999999982e-01 3.381120255589436852e+00
1.234999999999999987e-01 3.423884220059229655e+00
1.239999999999999991e-01 3.462548588783014747e+00
1.244999999999999996e-01 3.493379068510791718e+00
1.250000000000000000e-01 3.520189580742560942e+00
1.255000000000000004e-01 3.529706301478322761e+00
1.260000000000000009e-01 3.525036313968076040e+00
1.265000000000000013e-01 3.516168194961821758e+00
1.270000000000000018e-01 3.497837258959559659e+00
1.275000000000000022e-01 3.478930011211289752e+00
1.280000000000000027e-01 3.462068371217011276e+00
1.285000000000000031e-01 3.455374072226724991e+00
1.290000000000000036e-01 3.463647724990431609e+00
1.295000000000000040e-01 3.468111449758130238e+00
1.300000000000000044e-01 3.460737322279821004e+00
1.305000000000000049e-01 3.449421643805504090e+00
1.310000000000000053e-01 3.441409629085178778e+00
1.315000000000000058e-01 3.428842791368846399e+00
1.320000000000000062e-01 3.402353461406505630e+00
1.325000000000000067e-01 3.360612681198157148e+00
1.330000000000000071e-01 3.303039054243800177e+00
1.335000000000000075e-01 3.238343224543435817e+00
1.340000000000000080e-01 3.183356721097064135e+00
1.345000000000000084e-01 3.142119139904683944e+00
1.350000000000000089e-01 3.100799136716295923e+00
1.355000000000000093e-01 3.049665927281900224e+00
1.360000000000000098e-01 2.993086711351497176e+00
1.365000000000000102e-01 2.941860045175086036e+00
1.370000000000000107e-01 2.892821639002666867e+00
1.375000000000000111e-01 2.822702668584239571e+00
1.380000000000000115e-01 2.728267942419804637e+00
1.385000000000000120e-01 2.638637336009361789e+00
1.390000000000000124e-01 2.562925574102911330e+00
1.395000000000000129e-01 2.485744498700452887e+00
1.400000000000000133e-01 2.400275155551985673e+00
1.405000000000000138e-01 2.304852135407511771e+00
1.410000000000000142e-01 2.202039060517030133e+00
1.415000000000000147e-01 2.099416748630539953e+00
1.420000000000000151e-01 2.001141389998042364e+00
1.425000000000000155e-01 1.905995530619536638e+00
1.430000000000000160e-01 1.809222797995023724e+00
1.435000000000000164e-01 1.716541165624502208e+00
1.440000000000000169e-01 1.645204301757973830e+00
1.444999999999999896e-01 1.587890150645440368e+00
1.449999999999999900e-01 1.526990412786896290e+00
1.454999999999999905e-01 1.464844733182344205e+00
1.459999999999999909e-01 1.406939351081784251e+00
1.464999999999999913e-01 1.349184372235216367e+00
1.469999999999999918e-01 1.286498729142640851e+00
1.474999999999999922e-01 1.224973812804057482e+00
1.479999999999999927e-01 1.171851322969466036e+00
1.484999999999999931e-01 1.131695287888867085e+00
1.489999999999999936e-01 1.100534468562260004e+00
1.494999999999999940e-01 1.068268178239645261e+00
1.499999999999999944e-01 1.030807734921022734e+00
1.504999999999999949e-01 1.000299075356392287e+00
1.509999999999999953e-01 9.821849277957539481e-01
1.514999999999999958e-01 9.587777279891078752e-01
1.519999999999999962e-01 9.229065566864538273e-01
1.524999999999999967e-01 8.777626098877917560e-01
1.529999999999999971e-01 8.265404773431219709e-01
1.534999999999999976e-01 7.753354283024446181e-01
1.539999999999999980e-01 7.236911445157591105e-01
1.544999999999999984e-01 6.669676052330656413e-01
1.549999999999999989e-01 5.985621982043646261e-01
1.554999999999999993e-01 5.135448709296556169e-01
1.559999999999999998e-01 4.220301269089388740e-01
1.565000000000000002e-01 3.363166151422140038e-01
1.570000000000000007e-01 2.512074008794815128e-01
1.575000000000000011e-01 1.528187813707410081e-01
1.580000000000000016e-01 3.876699511599279030e-02
1.585000000000000020e-01 -8.257109838476324459e-02
1.590000000000000024e-01 -2.048654656315271327e-01
1.595000000000000029e-01 -3.320863763742989971e-01
1.600000000000000033e-01 -4.708386246130795150e-01
1.605000000000000038e-01 -6.157641158478668331e-01
1.610000000000000042e-01 -7.585698613286624425e-01
1.615000000000000047e-01 -8.928879768054659438e-01
1.620000000000000051e-01 -1.018630349778276933e+00
1.625000000000000056e-01 -1.141760019997096087e+00
1.630000000000000060e-01 -1.262904439961922698e+00
1.635000000000000064e-01 -1.384738130172757264e+00
1.640000000000000069e-01 -1.510429016129599233e+00
1.645000000000000073e-01 -1.640810954082449369e+00
1.650000000000000078e-01 -1.778712024781307521e+00
1.655000000000000082e-01 -1.910976573976173931e+00
1.660000000000000087e-01 -2.028535569417047935e+00
1.665000000000000091e-01 -2.143125413103929677e+00
1.670000000000000095e-01 -2.253015975036819718e+00
1.675000000000000100e-01 -2.362053294965717143e+00
1.680000000000000104e-01 -2.483833831140620951e+00
1.685000000000000109e-01 -2.603258487561534107e+00
1.690000000000000113e-01 -2.707902086228455296e+00
1.695000000000000118e-01 -2.812587871891384594e+00
1.700000000000000122e-01 -2.916090145550320312e+00
1.705000000000000127e-01 -3.002760528955265240e+00
1.710000000000000131e-01 -3.076617529356217240e+00
1.715000000000000135e-01 -3.147404661003177395e+00
1.720000000000000140e-01 -3.219578447646146202e+00
1.725000000000000144e-01 -3.298241772785121650e+00
1.730000000000000149e-01 -3.381226247420105135e+00
1.735000000000000153e-01 -3.463028543051096975e+00
1.740000000000000158e-01 -3.538715455928095999e+00
1.745000000000000162e-01 -3.602231592051103437e+00
1.750000000000000167e-01 -3.648496126170118092e+00
1.755000000000000171e-01 -3.677925258785140983e+00
1.759999999999999898e-01 -3.704601702896169968e+00
1.764999999999999902e-01 -3.728378443003207643e+00
1.769999999999999907e-01 -3.741280276356253598e+00
1.774999999999999911e-01 -3.754415425455307265e+00
1.779999999999999916e-01 -3.772424238550368791e+00
1.784999999999999920e-01 -3.791938688641438571e+00
1.789999999999999925e-01 -3.818690723728515479e+00
1.794999999999999929e-01 -3.844670720811600440e+00
1.799999999999999933e-01 -3.858951893890693263e+00
1.804999999999999938e-01 -3.864956930715794048e+00
1.809999999999999942e-01 -3.859824662786902838e+00
1.814999999999999947e-01 -3.851540352354018815e+00
1.819999999999999951e-01 -3.853659613417143248e+00
1.824999999999999956e-01 -3.860688571226275734e+00
1.829999999999999960e-01 -3.855997737281415816e+00
1.834999999999999964e-01 -3.829921775082564039e+00
1.839999999999999969e-01 -3.793656655879720230e+00
1.844999999999999973e-01 -3.754090418172883581e+00
1.849999999999999978e-01 -3.702304559962055208e+00
1.854999999999999982e-01 -3.648925412247234323e+00
1.859999999999999987e-01 -3.607017486778421933e+00
1.864999999999999991e-01 -3.571121935555616300e+00
1.869999999999999996e-01 -3.540105053828819681e+00
1.875000000000000000e-01 -3.506487468348030045e+00
1.880000000000000004e-01 -3.453322267863247585e+00
1.885000000000000009e-01 -3.378303864874473650e+00
1.890000000000000013e-01 -3.301404564881707415e+00
1.895000000000000018e-01 -3.235824381134949856e+00
1.900000000000000022e-01 -3.171804532134199661e+00
1.905000000000000027e-01 -3.101544101129457331e+00
1.910000000000000031e-01 -3.025711505870722906e+00
1.915000000000000036e-01 -2.951194784857996467e+00
1.920000000000000040e-01 -2.881113868591276717e+00
1.925000000000000044e-01 -2.808084646820565577e+00
1.930000000000000049e-01 -2.733210888045862763e+00
1.935000000000000053e-01 -2.659529379517167502e+00
1.940000000000000058e-01 -2.583684820484479783e+00
1.945000000000000062e-01 -2.513562967697800410e+00
1.950000000000000067e-01 -2.454038485157127969e+00
1.955000000000000071e-01 -2.403888586112464143e+00
1.960000000000000075e-01 -2.370095844813808306e+00
1.965000000000000080e-01 -2.347098999261160390e+00
1.970000000000000084e-01 -2.323615905204519994e+00
1.975000000000000089e-01 -2.289987286393887711e+00
1.980000000000000093e-01 -2.250898007579262838e+00
1.985000000000000098e-01 -2.227625334510646038e+00
1.990000000000000102e-01 -2.209776003688037171e+00
1.995000000000000107e-01 -2.182429689111435867e+00
2.000000000000000111e-01 -2.159129157530842669e+00
2.005000000000000115e-01 -2.145804846196257554e+00
2.010000000000000120e-01 -2.137648629857680671e+00
2.015000000000000124e-01 -2.148956654515111087e+00
2.020000000000000129e-01 -2.188697720168549132e+00
2.025000000000000133e-01 -2.227175039317994987e+00
2.030000000000000138e-01 -2.251192961963448536e+00
2.035000000000000142e-01 -2.277582168354911119e+00
2.040000000000000147e-01 -2.311166903492380076e+00
2.045000000000000151e-01 -2.344972834625857594e+00
2.050000000000000155e-01 -2.368221645505342643e+00
2.055000000000000160e-01 -2.388429554130835353e+00
2.060000000000000164e-01 -2.420426713752336756e+00
2.065000000000000169e-01 -2.463773653369845107e+00
2.070000000000000173e-01 -2.505632868983362016e+00
2.075000000000000178e-01 -2.537260992342886379e+00
2.080000000000000182e-01 -2.562165793948419701e+00
2.084999999999999909e-01 -2.581938872299958554e+00
2.089999999999999913e-01 -2.598649474897505751e+00
2.094999999999999918e-01 -2.616973255241060947e+00
2.099999999999999922e-01 -2.633099079330624370e+00
2.104999999999999927e-01 -2.634650003166195908e+00
2.109999999999999931e-01 -2.626581409997774674e+00
2.114999999999999936e-01 -2.620095816075361572e+00
2.119999999999999940e-01 -2.612608631148955585e+00
2.124999999999999944e-01 -2.597736008718557699e+00
2.129999999999999949e-01 -2.575189129534167787e+00
2.134999999999999953e-01 -2.559907105345786249e+00
2.139999999999999958e-01 -2.557787043403412230e+00
2.144999999999999962e-01 -2.558864970707045661e+00
2.149999999999999967e-01 -2.561586739256687562e+00
2.154999999999999971e-01 -2.551368353052337223e+00
2.159999999999999976e-01 -2.518028527593993982e+00
2.164999999999999980e-01 -2.476958572131658709e+00
2.169999999999999984e-01 -2.429965336165332168e+00
2.174999999999999989e-01 -2.378544306445013135e+00
2.179999999999999993e-01 -2.332021338220701345e+00
2.184999999999999998e-01 -2.276390801742397940e+00
2.190000000000000002e-01 -2.208938665510102428e+00
2.195000000000000007e-01 -2.145797861523814465e+00
2.200000000000000011e-01 -2.083267790033535238e+00
2.205000000000000016e-01 -2.016232235539263229e+00
2.210000000000000020e-01 -1.956699330540998982e+00
2.215000000000000024e-01 -1.900976232288742684e+00
2.220000000000000029e-01 -1.828533115032493939e+00
2.225000000000000033e-01 -1.746277651522253116e+00
2.230000000000000038e-01 -1.652518253508020507e+00
2.235000000000000042e-01 -1.535431254989795491e+00
2.240000000000000047e-01 -1.414123593467577766e+00
2.245000000000000051e-01 -1.304809768691368443e+00
2.250000000000000056e-01 -1.200239475411167156e+00
2.255000000000000060e-01 -1.094265813126973574e+00
2.260000000000000064e-01 -9.948380475887877994e-01
2.265000000000000069e-01 -9.019790855466097712e-01
2.270000000000000073e-01 -7.971925947504393539e-01
2.275000000000000078e-01 -6.779397989502772282e-01
2.280000000000000082e-01 -5.640322926461227571e-01
2.285000000000000087e-01 -4.624544680879760783e-01
2.290000000000000091e-01 -3.571972597758374390e-01
2.295000000000000095e-01 -2.428636317097065123e-01
2.300000000000000100e-01 -1.274003043895833853e-01
2.305000000000000104e-01 -2.203960906546794524e-02
2.310000000000000109e-01 6.034907476263963455e-02
2.315000000000000113e-01 1.364406855947389030e-01
2.320000000000000118e-01 2.272591814308289881e-01
2.325000000000000122e-01 3.284811157709127682e-01
2.330000000000000127e-01 4.282994271149885290e-01
2.335000000000000131e-01 5.165347699630561396e-01
2.340000000000000135e-01 5.923840730651167563e-01
2.345000000000000140e-01 6.553196314211691131e-01
2.350000000000000144e-01 7.023044155312136994e-01
2.355000000000000149e-01 7.426789458952505196e-01
2.360000000000000153e-01 7.888816147632793374e-01
2.365000000000000158e-01 8.361110841353007750e-01
2.370000000000000162e-01 8.649276012613135167e-01
2.375000000000000167e-01 8.785650243913186719e-01
2.380000000000000171e-01 9.099581205253163274e-01
2.385000000000000175e-01 9.674530854133059909e-01
2.390000000000000180e-01 1.025823350805287637e+00
2.395000000000000184e-01 1.072228867451261447e+00
2.399999999999999911e-01 1.111716888101225376e+00
2.404999999999999916e-01 1.156054357255184017e+00
2.409999999999999920e-01 1.203012770663135278e+00
2.414999999999999925e-01 1.236826068575078930e+00
2.419999999999999929e-01 1.258027894741013952e+00
2.424999999999999933e-01 1.268057741660940874e+00
2.429999999999999938e-01 1.269480928334860703e+00
2.434999999999999942e-01 1.278600793762772136e+00
2.439999999999999947e-01 1.293424446444674913e+00
2.444999999999999951e-01 1.304294306880570797e+00
2.449999999999999956e-01 1.322944716570459978e+00
2.454999999999999960e-01 1.351721017014339665e+00
2.459999999999999964e-01 1.375699488462212905e+00
2.464999999999999969e-01 1.397427027664076560e+00
2.469999999999999973e-01 1.426330328369933342e+00
2.474999999999999978e-01 1.453069233579781683e+00
2.479999999999999982e-01 1.467454216793622424e+00
2.484999999999999987e-01 1.481091511261455329e+00
2.489999999999999991e-01 1.500401687233281045e+00
2.494999999999999996e-01 1.516468666709098523e+00
2.500000000000000000e-01 1.533406704688907940e+00
2.505000000000000004e-01 1.553136336422709762e+00
2.510000000000000009e-01 1.573381547160503269e+00
2.515000000000000013e-01 1.602501500652289135e+00
2.520000000000000018e-01 1.636044642148067219e+00
2.525000000000000022e-01 1.665353898397838428e+00
2.530000000000000027e-01 1.698239882151600488e+00
2.535000000000000031e-01 1.742125002409356194e+00
2.540000000000000036e-01 1.793488641421103091e+00
2.545000000000000040e-01 1.845665647686841826e+00
2.550000000000000044e-01 1.901154801706572917e+00
2.555000000000000049e-01 1.954342483230295358e+00
2.560000000000000053e-01 1.994678111008008958e+00
2.565000000000000058e-01 2.023784189289717261e+00
2.570000000000000062e-01 2.042134367825417574e+00
2.575000000000000067e-01 2.055545519365109541e+00
2.580000000000000071e-01 2.071450476158793741e+00
2.585000000000000075e-01 2.088891515706469360e+00
2.590000000000000080e-01 2.114828305758137184e+00
2.595000000000000084e-01 2.140707277563797639e+00
2.600000000000000089e-01 2.150806730873450867e+00
2.605000000000000093e-01 2.160121165937095356e+00
2.610000000000000098e-01 2.174829843504732629e+00
2.615000000000000102e-01 2.185916695826361167e+00
2.620000000000000107e-01 2.191629291901982413e+00
2.625000000000000111e-01 2.198639691731596013e+00
2.630000000000000115e-01 2.204646792065202199e+00
2.635000000000000120e-01 2.208146500902799403e+00
2.640000000000000124e-01 2.226629917494389321e+00
2.645000000000000129e-01 2.266225519839971447e+00
2.650000000000000133e-01 2.299020705439545509e+00
2.655000000000000138e-01 2.311563607543111853e+00
2.660000000000000142e-01 2.319233051900670084e+00
2.665000000000000147e-01 2.319157689262221211e+00
2.670000000000000151e-01 2.306429889127763921e+00
2.675000000000000155e-01 2.283871066247299630e+00
2.680000000000000160e-01 2.255105221870826959e+00
2.685000000000000164e-01 2.221776191748345841e+00
2.690000000000000169e-01 2.188371405879856901e+00
2.695000000000000173e-01 2.154836687765359748e+00
2.700000000000000178e-01 2.115364739404854699e+00
2.705000000000000182e-01 2.082325717548342947e+00
2.710000000000000187e-01 2.058365781945823425e+00
2.715000000000000191e-01 2.024886792597294871e+00
2.720000000000000195e-01 1.972463267752759153e+00
2.725000000000000200e-01 1.907720484162215957e+00
2.730000000000000204e-01 1.852958514575664628e+00
2.735000000000000209e-01 1.814726643493105307e+00
2.740000000000000213e-01 1.774874080164538181e+00
2.745000000000000218e-01 1.729784943839963507e+00
2.750000000000000222e-01 1.686302671269380271e+00
2.755000000000000226e-01 1.640440024952789067e+00
2.760000000000000231e-01 1.569561571640190945e+00
2.765000000000000235e-01 1.475715348831585061e+00
2.770000000000000240e-01 1.387248824526970514e+00
2.775000000000000244e-01 1.305496168226348619e+00
2.780000000000000249e-01 1.220838584679718286e+00
2.785000000000000253e-01 1.133655066137080558e+00
2.790000000000000258e-01 1.044301092098434802e+00
2.795000000000000262e-01 9.460477598137811972e-01
2.800000000000000266e-01 8.382754947831195791e-01
2.805000000000000271e-01 7.310139607564504205e-01
2.810000000000000275e-01 6.279793922337737477e-01
2.815000000000000280e-01 5.320338059650893126e-01
2.820000000000000284e-01 4.393455849503959398e-01
2.825000000000000289e-01 3.396089719396956363e-01
2.830000000000000293e-01 2.348008601829870978e-01
2.835000000000000298e-01 1.209685541802704711e-01
2.840000000000000302e-01 -5.931784068454492784e-03
2.845000000000000306e-01 -1.381123273131864282e-01
2.850000000000000311e-01 -2.612046943039263991e-01
2.855000000000000315e-01 -3.757382867906737811e-01
2.860000000000000320e-01 -5.003963270234298433e-01
2.865000000000000324e-01 -6.330529670021933786e-01
2.870000000000000329e-01 -7.603719649769644651e-01
2.875000000000000333e-01 -8.800070099477438346e-01
2.880000000000000338e-01 -9.880577646645303247e-01
2.884999999999999787e-01 -1.083455124127313596e+00
2.889999999999999791e-01 -1.170203415086115140e+00
2.894999999999999796e-01 -1.244413208290924500e+00
2.899999999999999800e-01 -1.309146015741741609e+00
2.904999999999999805e-01 -1.375587385438566512e+00
2.909999999999999809e-01 -1.452312217381399373e+00
2.914999999999999813e-01 -1.544822991570240500e+00
2.919999999999999818e-01 -1.644506024005088607e+00
2.924999999999999822e-01 -1.745177690685944860e+00
2.929999999999999827e-01 -1.852066559612809193e+00
2.934999999999999831e-01 -1.959805894785681790e+00
2.939999999999999836e-01 -2.059546884204561668e+00
2.944999999999999840e-01 -2.148349215869449491e+00
2.949999999999999845e-01 -2.216158137780344983e+00
2.954999999999999849e-01 -2.257570553937248814e+00
2.959999999999999853e-01 -2.288598196340159152e+00
2.964999999999999858e-01 -2.319223096989078137e+00
2.969999999999999862e-01 -2.352034087884005586e+00
2.974999999999999867e-01 -2.397418009024939956e+00
2.979999999999999871e-01 -2.449545140411882649e+00
2.984999999999999876e-01 -2.496385170044832957e+00
2.989999999999999880e-01 -2.537854469923790823e+00
2.994999999999999885e-01 -2.577156356048756258e+00
2.999999999999999889e-01 -2.610504540419730013e+00
3.004999999999999893e-01 -2.624859115036711987e+00
3.009999999999999898e-01 -2.622776187899701128e+00
3.014999999999999902e-01 -2.628482427008699052e+00
3.019999999999999907e-01 -2.644497580363704525e+00
3.024999999999999911e-01 -2.651697499964717153e+00
3.029999999999999916e-01 -2.644726357811738371e+00
3.034999999999999920e-01 -2.628180057904767164e+00
3.039999999999999925e-01 -2.595121112243803818e+00
3.044999999999999929e-01 -2.541605672828848306e+00
3.049999999999999933e-01 -2.481661427659900276e+00
3.054999999999999938e-01 -2.424721372736960312e+00
3.059999999999999942e-01 -2.373398580060028795e+00
3.064999999999999947e-01 -2.333260977629104893e+00
3.069999999999999951e-01 -2.305623585444188439e+00
3.074999999999999956e-01 -2.278412459505279930e+00
3.079999999999999960e-01 -2.238908871812381740e+00
3.084999999999999964e-01 -2.184519142365489941e+00
3.089999999999999969e-01 -2.125022899164604961e+00
3.094999999999999973e-01 -2.065814754209728488e+00
3.099999999999999978e-01 -2.008872691500859453e+00
3.104999999999999982e-01 -1.960365791037997907e+00
3.109999999999999987e-01 -1.916942872821144839e+00
3.114999999999999991e-01 -1.867134780850299602e+00
3.119999999999999996e-01 -1.806794051125461209e+00
3.125000000000000000e-01 -1.751030687646631723e+00
3.130000000000000004e-01 -1.706246474413809944e+00
3.135000000000000009e-01 -1.658944579426995247e+00
3.140000000000000013e-01 -1.602872294686188637e+00
3.145000000000000018e-01 -1.537847820191389880e+00
3.150000000000000022e-01 -1.460518763942599385e+00
3.155000000000000027e-01 -1.379030977939816216e+00
3.160000000000000031e-01 -1.296456882183040893e+00
3.165000000000000036e-01 -1.202416908672274021e+00
3.170000000000000040e-01 -1.096338993407514506e+00
3.175000000000000044e-01 -9.856296683887629806e-01
3.180000000000000049e-01 -8.708779656160193783e-01
3.185000000000000053e-01 -7.539879370892835775e-01
3.190000000000000058e-01 -6.488200148085557784e-01
3.195000000000000062e-01 -5.598379947738355566e-01
3.200000000000000067e-01 -4.818290649851245666e-01
3.205000000000000071e-01 -4.140963254424202544e-01
3.210000000000000075e-01 -3.578348081457237151e-01
3.215000000000000080e-01 -3.148879650950355824e-01
3.220000000000000084e-01 -2.810962122903545302e-01
3.225000000000000089e-01 -2.416161857316815875e-01
3.230000000000000093e-01 -2.057318054190166445e-01
3.235000000000000098e-01 -1.894947993523592444e-01
3.240000000000000102e-01 -1.762583475317103521e-01
3.245000000000000107e-01 -1.552574659570690463e-01
3.250000000000000111e-01 -1.437280066284353786e-01
3.255000000000000115e-01 -1.473772775458092321e-01
3.260000000000000120e-01 -1.485088667091915282e-01
3.265000000000000124e-01 -1.350282261185818955e-01
3.270000000000000129e-01 -1.073922797739798041e-01
3.275000000000000133e-01 -6.589554367538515145e-02
3.280000000000000138e-01 -2.153449382279808838e-02
3.285000000000000142e-01 1.964757783780987296e-03
3.290000000000000147e-01 -9.329928556484101991e-04
3.295000000000000151e-01 -1.241255774108562283e-02
3.300000000000000155e-01 -8.424220872530497131e-03
