           1
   0.0000000000000000        0.0000000000000000        0.0000000000000000
   0.0000000000000000        22.000000000000000        0.0000000000000000
  -0.0000000000000000        22.000000000000000        0.0000000000000000
   6.1232339957367660E-017   0.0000000000000000        1.0000000000000000
  -2.6176948307873076E-002  0.99965732497555726        1.6028757978341243E-018
 -0.99965732497555726       -2.6176948307873014E-002   6.1211357163776083E-017
  -5.2335956242943682E-002  0.99862953475457383        3.2046530646618458E-018
 -0.99862953475457383       -5.2335956242943620E-002   6.1148423163559970E-017
           2
  -6.1246576500774870        215.07630174800533       -6.2621578532355411
  -6.1266798954835364        236.92664175768806       -7.4010333388709171
  -6.1266798954835364        236.92664175768806       -7.4010333388709171
  0.99994029991164990        6.6102784984850625E-004   1.0906862737771873E-002
  -3.7738551756815196E-004  0.99966219791906219       -2.5987451429476394E-002
  -1.0920356805984032E-002   2.5981783884290736E-002  0.99960276745986432
  -6.6208987400823865E-004  0.99999977642285287        9.3761620652256557E-005
  -1.0906798320204133E-002  -1.0097734645107127E-004  0.99994051400769701
           3
  -6.4522325100785949        254.26408843838914       -7.9380515664893547     
  -6.5052972621335696        255.26267936055078       -7.9386013534515323     
  -6.5052972621335696        255.26267936055078       -7.9386013534515323     
 -0.99849783668671244       -5.3067312797992636E-002  -1.3635631424841102E-002
  -5.2689368094729613E-002  0.99825330075799601       -2.6724109256281891E-002
   1.5029990742917949E-002  -2.5965512476429264E-002 -0.99954984445004202     
  -5.2277873473484705E-002  0.99723152640587587       -5.2880116180800615E-002
   1.6404087205462978E-002  -5.2087839795912479E-002 -0.99850776805608765     
