0.000000000000000000e+00 4.530060001280000000e+11
1.000000000000000000e+00 6.053327667200000000e+11
2.000000000000000000e+00 7.713129103360000000e+11
3.000000000000000000e+00 9.074431098880000000e+11
4.000000000000000000e+00 1.043973013504000000e+12
5.000000000000000000e+00 1.247604375552000000e+12
6.000000000000000000e+00 1.539309174784000000e+12
7.000000000000000000e+00 1.880745574400000000e+12
8.000000000000000000e+00 2.236838313984000000e+12
9.000000000000000000e+00 2.594767372288000000e+12
1.000000000000000000e+01 2.937930383360000000e+12
1.100000000000000000e+01 3.246340702208000000e+12
1.200000000000000000e+01 3.494008324096000000e+12
1.300000000000000000e+01 3.720923316224000000e+12
1.400000000000000000e+01 4.128605470720000000e+12
1.500000000000000000e+01 4.872126595072000000e+12
1.600000000000000000e+01 5.744905682944000000e+12
1.700000000000000000e+01 6.297542983680000000e+12
1.800000000000000000e+01 6.281885646848000000e+12
1.900000000000000000e+01 5.916466872320000000e+12
2.000000000000000000e+01 5.705072902144000000e+12
2.100000000000000000e+01 5.916466872320000000e+12
2.200000000000000000e+01 6.281885646848000000e+12
2.300000000000000000e+01 6.297542983680000000e+12
2.400000000000000000e+01 5.744905682944000000e+12
2.500000000000000000e+01 4.872126595072000000e+12
2.600000000000000000e+01 4.128605470720000000e+12
2.700000000000000000e+01 3.720923316224000000e+12
2.800000000000000000e+01 3.494008324096000000e+12
2.900000000000000000e+01 3.246340440064000000e+12
3.000000000000000000e+01 2.937930121216000000e+12
3.100000000000000000e+01 2.594767634432000000e+12
3.200000000000000000e+01 2.236838051840000000e+12
3.300000000000000000e+01 1.880745574400000000e+12
3.400000000000000000e+01 1.539309043712000000e+12
3.500000000000000000e+01 1.247604375552000000e+12
3.600000000000000000e+01 1.043972423680000000e+12
3.700000000000000000e+01 9.074429132800000000e+11
3.800000000000000000e+01 7.713131069440000000e+11
3.900000000000000000e+01 6.053329633280000000e+11
4.000000000000000000e+01 4.530060001280000000e+11
