0.000000000000000000e+00 3.492029870899200000e+14
1.000000000000000000e+00 3.576005205688320000e+14
2.000000000000000000e+00 3.691677399121920000e+14
3.000000000000000000e+00 3.837027816570880000e+14
4.000000000000000000e+00 4.009507327836160000e+14
5.000000000000000000e+00 4.206077914644480000e+14
6.000000000000000000e+00 4.423259982397440000e+14
7.000000000000000000e+00 4.657185376174080000e+14
8.000000000000000000e+00 4.903668851671040000e+14
9.000000000000000000e+00 5.158274177433600000e+14
1.000000000000000000e+01 5.416401376378880000e+14
1.100000000000000000e+01 5.673373967319040000e+14
1.200000000000000000e+01 5.924527548661760000e+14
1.300000000000000000e+01 6.165313481605120000e+14
1.400000000000000000e+01 6.391387809382400000e+14
1.500000000000000000e+01 6.598713262735360000e+14
1.600000000000000000e+01 6.783654554501120000e+14
1.700000000000000000e+01 6.943057568071680000e+14
1.800000000000000000e+01 7.074332572385280000e+14
1.900000000000000000e+01 7.175519988613120000e+14
2.000000000000000000e+01 7.245335353098240000e+14
2.100000000000000000e+01 7.283214280294400000e+14
2.200000000000000000e+01 7.289324542361600000e+14
2.300000000000000000e+01 7.264576135495680000e+14
2.400000000000000000e+01 7.210590409850880000e+14
2.500000000000000000e+01 7.129667186196480000e+14
2.600000000000000000e+01 7.024736437534720000e+14
2.700000000000000000e+01 6.899271718666240000e+14
2.800000000000000000e+01 6.757222386237440000e+14
2.900000000000000000e+01 6.602898171494400000e+14
3.000000000000000000e+01 6.440863148277760000e+14
3.100000000000000000e+01 6.275831714283520000e+14
3.200000000000000000e+01 6.112527662448640000e+14
3.300000000000000000e+01 5.955581504389120000e+14
3.400000000000000000e+01 5.809406319001600000e+14
3.500000000000000000e+01 5.678080983040000000e+14
3.600000000000000000e+01 5.565256889794560000e+14
3.700000000000000000e+01 5.474048561643520000e+14
3.800000000000000000e+01 5.406972916531200000e+14
3.900000000000000000e+01 5.365877125939200000e+14
4.000000000000000000e+01 5.351888283238400000e+14
4.100000000000000000e+01 5.365391257763840000e+14
4.200000000000000000e+01 5.406017621852160000e+14
4.300000000000000000e+01 5.472651355095040000e+14
4.400000000000000000e+01 5.563463405404160000e+14
4.500000000000000000e+01 5.675948934430720000e+14
4.600000000000000000e+01 5.807000466227200000e+14
4.700000000000000000e+01 5.952982378086400000e+14
4.800000000000000000e+01 6.109817806520320000e+14
4.900000000000000000e+01 6.273103067873280000e+14
5.000000000000000000e+01 6.438209663795200000e+14
5.100000000000000000e+01 6.600412459171840000e+14
5.200000000000000000e+01 6.754997056307200000e+14
5.300000000000000000e+01 6.897394012651520000e+14
5.400000000000000000e+01 7.023286214983680000e+14
5.500000000000000000e+01 7.128716924682240000e+14
5.600000000000000000e+01 7.210200507351040000e+14
5.700000000000000000e+01 7.264795581480960000e+14
5.800000000000000000e+01 7.290187562352640000e+14
5.900000000000000000e+01 7.284738993684480000e+14
6.000000000000000000e+01 7.247530484039680000e+14
6.100000000000000000e+01 7.178373457510400000e+14
6.200000000000000000e+01 7.077820891136000000e+14
6.300000000000000000e+01 6.947137787002880000e+14
6.400000000000000000e+01 6.788276341964800000e+14
6.500000000000000000e+01 6.603810180956160000e+14
6.600000000000000000e+01 6.396882012078080000e+14
6.700000000000000000e+01 6.171122424872960000e+14
6.800000000000000000e+01 5.930558622269440000e+14
6.900000000000000000e+01 5.679529192325120000e+14
7.000000000000000000e+01 5.422580089487360000e+14
7.100000000000000000e+01 5.164375044259840000e+14
7.200000000000000000e+01 4.909591544463360000e+14
7.300000000000000000e+01 4.662833929256960000e+14
7.400000000000000000e+01 4.428539772272640000e+14
7.500000000000000000e+01 4.210903377510400000e+14
7.600000000000000000e+01 4.013798939688960000e+14
7.700000000000000000e+01 3.840716119736320000e+14
7.800000000000000000e+01 3.694701995622400000e+14
7.900000000000000000e+01 3.578317106053120000e+14
8.000000000000000000e+01 3.493592836341760000e+14
