0.000000000000000000e+00 1.245676437504000000e+12
1.000000000000000000e+00 1.305875185664000000e+12
2.000000000000000000e+00 1.405695950848000000e+12
3.000000000000000000e+00 1.544248098816000000e+12
4.000000000000000000e+00 1.720169136128000000e+12
5.000000000000000000e+00 1.931532828672000000e+12
6.000000000000000000e+00 2.175747620864000000e+12
7.000000000000000000e+00 2.449445748736000000e+12
8.000000000000000000e+00 2.748382445568000000e+12
9.000000000000000000e+00 3.067359002624000000e+12
1.000000000000000000e+01 3.400188035072000000e+12
1.100000000000000000e+01 3.739717730304000000e+12
1.200000000000000000e+01 4.077931724800000000e+12
1.300000000000000000e+01 4.406136274944000000e+12
1.400000000000000000e+01 4.715231313920000000e+12
1.500000000000000000e+01 4.996060413952000000e+12
1.600000000000000000e+01 5.239827595264000000e+12
1.700000000000000000e+01 5.438532747264000000e+12
1.800000000000000000e+01 5.585409409024000000e+12
1.900000000000000000e+01 5.675322179584000000e+12
2.000000000000000000e+01 5.705072902144000000e+12
2.100000000000000000e+01 5.673602514944000000e+12
2.200000000000000000e+01 5.582057635840000000e+12
2.300000000000000000e+01 5.433717686272000000e+12
2.400000000000000000e+01 5.233790943232000000e+12
2.500000000000000000e+01 4.989097869312000000e+12
2.600000000000000000e+01 4.707678420992000000e+12
2.700000000000000000e+01 4.398345879552000000e+12
2.800000000000000000e+01 4.070249332736000000e+12
2.900000000000000000e+01 3.732461060096000000e+12
3.000000000000000000e+01 3.393626308608000000e+12
3.100000000000000000e+01 3.061694070784000000e+12
3.200000000000000000e+01 2.743737516032000000e+12
3.300000000000000000e+01 2.445859618816000000e+12
3.400000000000000000e+01 2.173177298944000000e+12
3.500000000000000000e+01 1.929863233536000000e+12
3.600000000000000000e+01 1.719231709184000000e+12
3.700000000000000000e+01 1.543841906688000000e+12
3.800000000000000000e+01 1.405615472640000000e+12
3.900000000000000000e+01 1.305936920576000000e+12
4.000000000000000000e+01 1.245743939584000000e+12
