0.000000000000000000e+00 2.866113213890560000e+14
1.000000000000000000e+00 3.169598287380480000e+14
2.000000000000000000e+00 3.668634564034560000e+14
3.000000000000000000e+00 4.350208628490240000e+14
4.000000000000000000e+00 5.194800861020160000e+14
5.000000000000000000e+00 6.175701262663680000e+14
6.000000000000000000e+00 7.258898725601280000e+14
7.000000000000000000e+00 8.403871240028160000e+14
8.000000000000000000e+00 9.565465948979200000e+14
9.000000000000000000e+00 1.069684891844608000e+15
1.000000000000000000e+01 1.175328403750912000e+15
1.100000000000000000e+01 1.269625350258688000e+15
1.200000000000000000e+01 1.349726087675904000e+15
1.300000000000000000e+01 1.414071542874112000e+15
1.400000000000000000e+01 1.462523203158016000e+15
1.500000000000000000e+01 1.496302718287872000e+15
1.600000000000000000e+01 1.517733531353088000e+15
1.700000000000000000e+01 1.529817153404928000e+15
1.800000000000000000e+01 1.535701392818176000e+15
1.900000000000000000e+01 1.538130331041792000e+15
2.000000000000000000e+01 1.538964628439040000e+15
2.100000000000000000e+01 1.538855912079360000e+15
2.200000000000000000e+01 1.537130408968192000e+15
2.300000000000000000e+01 1.531906654994432000e+15
2.400000000000000000e+01 1.520419764961280000e+15
2.500000000000000000e+01 1.499501932052480000e+15
2.600000000000000000e+01 1.466137283919872000e+15
2.700000000000000000e+01 1.417988150394880000e+15
2.800000000000000000e+01 1.353826707701760000e+15
2.900000000000000000e+01 1.273789321052160000e+15
3.000000000000000000e+01 1.179439090106368000e+15
3.100000000000000000e+01 1.073635188015104000e+15
3.200000000000000000e+01 9.602446288486400000e+14
3.300000000000000000e+01 8.437590088744960000e+14
3.400000000000000000e+01 7.288811159552000000e+14
3.500000000000000000e+01 6.201453618135040000e+14
3.600000000000000000e+01 5.216209259724800000e+14
3.700000000000000000e+01 4.367219047792640000e+14
3.800000000000000000e+01 3.681283242721280000e+14
3.900000000000000000e+01 3.177963071733760000e+14
4.000000000000000000e+01 2.870272285736960000e+14
